612
0 0 53
1 0 107
2 0 147
3 0 166
4 0 170
5 1 11
6 1 23
7 1 122
8 1 175
9 2 36
10 2 72
11 2 101
12 2 130
13 2 181
14 2 185
15 3 28
16 3 37
17 3 60
18 3 78
19 3 121
20 4 74
21 4 181
22 4 188
23 5 45
24 5 55
25 5 68
26 5 105
27 5 137
28 5 146
29 5 178
30 6 17
31 6 45
32 6 148
33 6 155
34 6 160
35 6 178
36 6 190
37 6 196
38 7 20
39 7 82
40 7 145
41 8 80
42 8 96
43 8 183
44 9 75
45 9 111
46 10 19
47 10 58
48 10 76
49 10 94
50 10 177
51 10 194
52 10 204
53 11 23
54 11 77
55 11 122
56 11 175
57 12 41
58 12 133
59 12 144
60 12 167
61 12 173
62 12 189
63 13 28
64 13 38
65 13 42
66 13 109
67 13 113
68 13 130
69 13 158
70 13 200
71 13 201
72 14 93
73 14 117
74 14 122
75 14 175
76 15 32
77 15 56
78 15 83
79 15 87
80 15 112
81 15 134
82 15 149
83 15 169
84 16 80
85 16 96
86 16 166
87 16 183
88 17 32
89 17 87
90 17 98
91 17 134
92 17 148
93 17 161
94 18 34
95 18 118
96 18 142
97 18 192
98 19 39
99 19 44
100 19 58
101 19 125
102 19 150
103 19 168
104 20 29
105 20 145
106 21 34
107 21 118
108 21 192
109 22 49
110 22 73
111 22 127
112 22 128
113 22 133
114 22 159
115 22 167
116 22 189
117 23 66
118 23 77
119 23 174
120 24 44
121 24 102
122 24 150
123 24 198
124 25 63
125 25 110
126 25 164
127 25 182
128 25 197
129 25 199
130 26 30
131 26 50
132 26 92
133 26 131
134 26 141
135 26 143
136 26 163
137 27 33
138 27 47
139 27 103
140 27 187
141 28 37
142 28 60
143 28 113
144 28 121
145 28 158
146 28 200
147 29 88
148 29 145
149 29 171
150 29 196
151 30 40
152 30 50
153 30 76
154 30 94
155 30 123
156 30 131
157 30 140
158 30 141
159 30 163
160 30 191
161 30 194
162 30 204
163 31 102
164 31 156
165 32 56
166 32 61
167 32 87
168 32 98
169 32 134
170 32 161
171 33 47
172 34 70
173 34 118
174 34 144
175 34 192
176 35 37
177 35 46
178 35 64
179 35 69
180 35 99
181 36 72
182 36 101
183 36 130
184 36 181
185 36 185
186 37 38
187 37 60
188 37 64
189 37 99
190 37 109
191 37 165
192 38 101
193 38 109
194 38 130
195 38 165
196 39 44
197 39 58
198 39 125
199 39 150
200 39 168
201 39 198
202 40 42
203 40 50
204 40 92
205 40 94
206 40 123
207 40 131
208 40 140
209 40 141
210 40 143
211 40 154
212 40 158
213 40 200
214 40 201
215 41 133
216 41 167
217 41 173
218 41 189
219 42 86
220 42 113
221 42 130
222 42 140
223 42 143
224 42 154
225 42 158
226 42 200
227 42 201
228 43 107
229 43 135
230 43 147
231 43 163
232 44 125
233 44 150
234 44 168
235 44 198
236 45 68
237 45 83
238 45 105
239 45 112
240 45 137
241 45 160
242 45 169
243 45 178
244 45 190
245 46 69
246 46 119
247 46 195
248 48 55
249 48 91
250 48 114
251 48 129
252 48 146
253 48 185
254 49 79
255 49 127
256 49 128
257 49 159
258 49 189
259 50 92
260 50 123
261 50 131
262 50 141
263 50 163
264 50 191
265 51 70
266 51 157
267 51 162
268 51 192
269 52 61
270 52 98
271 52 132
272 52 148
273 52 155
274 52 161
275 52 164
276 52 176
277 52 186
278 52 197
279 53 107
280 53 170
281 54 67
282 54 90
283 54 95
284 54 100
285 54 104
286 54 115
287 54 116
288 54 203
289 55 74
290 55 91
291 55 114
292 55 129
293 55 146
294 56 134
295 56 138
296 56 139
297 57 78
298 57 102
299 58 94
300 58 113
301 58 125
302 58 168
303 59 79
304 59 146
305 59 159
306 60 113
307 60 121
308 61 98
309 61 161
310 61 176
311 61 186
312 62 184
313 62 202
314 63 81
315 63 110
316 63 182
317 63 197
318 63 199
319 64 69
320 64 99
321 64 109
322 65 142
323 66 77
324 66 157
325 66 162
326 66 174
327 67 90
328 67 95
329 67 100
330 67 116
331 67 203
332 68 83
333 68 105
334 68 112
335 68 136
336 68 137
337 68 180
338 69 99
339 69 119
340 69 195
341 70 144
342 70 157
343 70 162
344 70 192
345 71 84
346 72 101
347 72 130
348 72 181
349 72 185
350 73 127
351 74 114
352 74 129
353 74 146
354 74 188
355 75 111
356 75 152
357 76 94
358 76 123
359 76 141
360 76 177
361 76 191
362 76 194
363 76 204
364 77 162
365 77 174
366 79 84
367 79 159
368 80 96
369 80 117
370 80 183
371 81 82
372 81 89
373 81 110
374 81 182
375 81 199
376 82 89
377 82 110
378 82 199
379 83 105
380 83 112
381 83 136
382 83 149
383 83 169
384 83 172
385 83 180
386 84 159
387 85 104
388 85 115
389 85 120
390 85 151
391 86 92
392 86 124
393 86 143
394 86 201
395 87 134
396 87 161
397 88 160
398 88 171
399 88 178
400 88 190
401 88 196
402 89 110
403 89 182
404 89 199
405 90 116
406 91 114
407 91 129
408 91 146
409 91 171
410 91 185
411 92 140
412 92 143
413 93 117
414 93 122
415 93 175
416 94 123
417 94 131
418 94 140
419 94 141
420 94 177
421 94 191
422 94 194
423 94 204
424 95 100
425 95 152
426 95 203
427 96 183
428 97 147
429 97 166
430 98 132
431 98 161
432 98 176
433 98 186
434 99 109
435 99 145
436 99 165
437 100 116
438 100 203
439 101 130
440 101 185
441 102 156
442 103 187
443 104 115
444 104 120
445 104 151
446 104 203
447 105 112
448 105 136
449 105 137
450 105 169
451 105 180
452 106 153
453 106 172
454 106 184
455 106 202
456 107 135
457 107 147
458 107 170
459 108 156
460 108 179
461 108 193
462 109 130
463 109 165
464 110 182
465 110 197
466 110 199
467 111 152
468 111 187
469 112 149
470 112 169
471 112 180
472 113 121
473 113 154
474 113 158
475 113 168
476 113 200
477 113 201
478 114 129
479 114 146
480 115 120
481 115 152
482 115 203
483 117 175
484 118 142
485 118 192
486 119 195
487 120 151
488 120 203
489 121 168
490 122 175
491 123 131
492 123 140
493 123 141
494 123 177
495 123 191
496 123 194
497 123 204
498 125 168
499 126 136
500 126 202
501 127 128
502 127 133
503 127 159
504 127 167
505 127 189
506 128 133
507 128 151
508 128 159
509 128 167
510 128 173
511 128 189
512 129 146
513 131 140
514 131 141
515 131 154
516 131 191
517 131 204
518 132 148
519 132 155
520 132 164
521 132 176
522 132 186
523 132 197
524 133 144
525 133 151
526 133 167
527 133 173
528 133 189
529 134 161
530 135 147
531 135 163
532 136 180
533 138 139
534 138 153
535 139 153
536 140 141
537 140 143
538 140 154
539 140 158
540 140 200
541 140 201
542 141 191
543 141 194
544 141 204
545 143 154
546 143 201
547 144 192
548 145 165
549 147 166
550 147 170
551 148 155
552 148 164
553 148 176
554 148 196
555 149 169
556 149 172
557 149 180
558 150 198
559 151 167
560 151 173
561 151 189
562 152 203
563 153 184
564 154 158
565 154 200
566 154 201
567 155 164
568 155 176
569 155 196
570 156 179
571 157 162
572 158 200
573 158 201
574 160 171
575 160 178
576 160 190
577 160 196
578 161 186
579 162 174
580 164 176
581 164 197
582 166 170
583 167 173
584 167 189
585 169 172
586 169 180
587 171 178
588 171 190
589 171 196
590 172 180
591 172 184
592 172 202
593 173 189
594 176 186
595 176 197
596 177 191
597 177 194
598 177 204
599 178 190
600 179 193
601 180 202
602 181 185
603 181 188
604 182 197
605 182 199
606 184 202
607 190 196
608 191 194
609 191 204
610 194 204
611 200 201
305
3 0 166
4 0 170
5 1 11
7 1 122
8 1 175
9 2 36
10 2 72
12 2 130
16 3 37
17 3 60
18 3 78
21 4 181
22 4 188
23 5 45
24 5 55
26 5 105
27 5 137
28 5 146
29 5 178
30 6 17
31 6 45
32 6 148
34 6 160
37 6 196
38 7 20
39 7 82
42 8 96
43 8 183
44 9 75
46 10 19
47 10 58
49 10 94
50 10 177
53 11 23
55 11 122
57 12 41
58 12 133
59 12 144
61 12 173
63 13 28
64 13 38
68 13 130
69 13 158
72 14 93
73 14 117
75 14 175
77 15 56
81 15 134
82 15 149
84 16 80
85 16 96
86 16 166
89 17 87
90 17 98
92 17 148
95 18 118
96 18 142
97 18 192
98 19 39
100 19 58
104 20 29
105 20 145
107 21 118
109 22 49
111 22 127
112 22 128
116 22 189
118 23 77
121 24 102
123 24 198
124 25 63
128 25 197
131 26 50
132 26 92
136 26 163
137 27 33
138 27 47
139 27 103
141 28 37
142 28 60
143 28 113
144 28 121
145 28 158
147 29 88
150 29 196
152 30 50
158 30 141
160 30 191
163 31 102
164 31 156
165 32 56
169 32 134
170 32 161
171 33 47
173 34 118
174 34 144
175 34 192
178 35 64
179 35 69
180 35 99
182 36 101
185 36 185
187 37 60
188 37 64
189 37 99
190 37 109
193 38 109
194 38 130
196 39 44
198 39 125
207 40 131
208 40 140
217 41 173
219 42 86
221 42 130
226 42 200
227 42 201
228 43 107
229 43 135
230 43 147
233 44 150
235 44 198
238 45 105
239 45 112
243 45 178
245 46 69
246 46 119
249 48 91
251 48 129
256 49 128
257 49 159
263 50 163
265 51 70
266 51 157
267 51 162
270 52 98
276 52 176
277 52 186
279 53 107
280 53 170
281 54 67
283 54 95
288 54 203
291 55 114
295 56 138
297 57 78
298 57 102
299 58 94
300 58 113
302 58 168
303 59 79
304 59 146
307 60 121
309 61 161
311 61 186
312 62 184
313 62 202
316 63 182
322 65 142
323 66 77
325 66 162
326 66 174
327 67 90
328 67 95
329 67 100
330 67 116
333 68 105
335 68 136
336 68 137
337 68 180
341 70 144
344 70 192
345 71 84
348 72 181
350 73 127
352 74 129
353 74 146
354 74 188
355 75 111
356 75 152
360 76 177
362 76 194
363 76 204
365 77 174
366 79 84
367 79 159
368 80 96
369 80 117
370 80 183
372 81 89
375 81 199
376 82 89
377 82 110
378 82 199
379 83 105
380 83 112
383 83 169
385 83 180
386 84 159
389 85 120
390 85 151
392 86 124
393 86 143
395 87 134
398 88 171
401 88 196
405 90 116
409 91 171
410 91 185
412 92 143
415 93 175
416 94 123
423 94 204
424 95 100
425 95 152
427 96 183
428 97 147
429 97 166
431 98 161
433 98 186
436 99 165
439 101 130
441 102 156
442 103 187
444 104 120
445 104 151
446 104 203
449 105 137
452 106 153
454 106 184
456 107 135
457 107 147
458 107 170
459 108 156
460 108 179
463 109 165
464 110 182
466 110 199
468 111 187
470 112 169
472 113 121
474 113 158
475 113 168
478 114 129
479 114 146
480 115 120
481 115 152
482 115 203
485 118 192
486 119 195
489 121 168
490 122 175
491 123 131
493 123 141
498 125 168
499 126 136
500 126 202
505 127 189
507 128 151
511 128 189
514 131 141
519 132 155
520 132 164
521 132 176
526 133 167
528 133 189
531 135 163
532 136 180
533 138 139
535 139 153
537 140 143
538 140 154
546 143 201
548 145 165
549 147 166
550 147 170
551 148 155
553 148 176
555 149 169
556 149 172
558 150 198
560 151 173
562 152 203
565 154 200
566 154 201
569 155 196
571 157 162
572 158 200
575 160 178
576 160 190
577 160 196
581 164 197
583 167 173
588 171 190
590 172 180
591 172 184
592 172 202
599 178 190
600 179 193
602 181 185
605 182 199
606 184 202
609 191 204
610 194 204
611 200 201
